0 42 61 30 17 82 31 11
42 0 14 87 28 70 19 33
61 14 0 20 81 21 8 28
30 87 20 0 34 33 91 10
17 28 81 34 0 41 34 82
82 70 21 33 41 0 19 32
31 19 8 91 34 19 0 59
11 33 28 10 82 32 59 0
